   3.7665000000000002       -6.5237699999999990        0.0000000000000000     
   3.7665000000000002        6.5237699999999990        0.0000000000000000     
   0.0000000000000000        0.0000000000000000        14.999969999999999     
          18  1
           5  -3.7665000000000002        0.0000000000000000       -7.4999849999999997     
           5  -2.5110000000000001        2.1745899999999998       -7.4999849999999997     
           5  -1.2555000000000001        4.3491799999999987       -7.4999849999999997     
           5  -2.5110000000000001       -2.1745899999999998       -7.4999849999999997     
           5  -1.2555000000000001        0.0000000000000000       -7.4999849999999997     
           5   0.0000000000000000        2.1745899999999994       -7.4999849999999997     
           5  -1.2555000000000001       -4.3491799999999987       -7.4999849999999997     
           5   0.0000000000000000       -2.1745899999999994       -7.4999849999999997     
           5   1.2555000000000001        0.0000000000000000       -7.4999849999999997     
           7  -2.5110000000000001      -0.72487783059999944       -7.4999849999999997     
           7  -1.2555000000000001        1.4497121693999997       -7.4999849999999997     
           7   0.0000000000000000        3.6243021693999995       -7.4999849999999997     
           7  -1.2554999999999998       -2.8994678305999990       -7.4999849999999997     
           7   0.0000000000000000      -0.72487783059999988       -7.4999849999999997     
           7   1.2555000000000001        1.4497121693999997       -7.4999849999999997     
           7   0.0000000000000000       -5.0740578305999984       -7.4999849999999997     
           7   1.2554999999999998       -2.8994678305999990       -7.4999849999999997     
           7   2.5110000000000001      -0.72487783059999944       -7.4999849999999997     
