&control
   prefix = 'bn'
   calculation = 'bands'
   restart_mode = 'from_scratch'
   wf_collect = .true.
   outdir = './'
   wfcdir = './'
   pseudo_dir = './'
/
&system
  ibrav = 0
  nat = 2
  ntyp = 2
  ecutwfc = 60
/
&electrons
  conv_thr = 1.d-8
  mixing_mode = 'local-TF'
  mixing_beta = 0.7d0
/
ATOMIC_SPECIES
  B  10.811    B.pz-mt_fhi.UPF
  N  14.007    N.pz-mt_fhi.UPF
CELL_PARAMETERS bohr
2.372555703	-4.109388686	0.000000000
2.372555703	4.109388686	0.000000000
0.000000000	0.000000000	28.345889829
ATOMIC_POSITIONS bohr
B	0.000000000	0.000000000	0.000000000
N	0.000000000	2.739591512	0.000000000
K_POINTS crystal
1710
  0.000291582  0.000000000  0.000000000   1.0
  0.000291582  0.055555556  0.000000000   2.0
  0.944736026  0.000000000  0.000000000   1.0
  0.000291582  0.111111111  0.000000000   2.0
  0.889180471 -0.000000000  0.000000000   1.0
  0.000291582  0.166666667  0.000000000   2.0
  0.833624915 -0.000000000  0.000000000   1.0
  0.000291582  0.222222222  0.000000000   2.0
  0.778069360 -0.000000000  0.000000000   1.0
  0.000291582  0.277777778  0.000000000   2.0
  0.722513804 -0.000000000  0.000000000   1.0
  0.000291582  0.333333333  0.000000000   2.0
  0.666958249 -0.000000000  0.000000000   1.0
  0.000291582  0.388888889  0.000000000   2.0
  0.611402693 -0.000000000  0.000000000   1.0
  0.000291582  0.444444444  0.000000000   2.0
  0.555847138  0.000000000  0.000000000   1.0
  0.000291582  0.500000000  0.000000000   2.0
  0.500291582 -0.000000000  0.000000000   1.0
  0.000291582  0.555555556  0.000000000   2.0
  0.444736026 -0.000000000  0.000000000   1.0
  0.000291582  0.611111111  0.000000000   2.0
  0.389180471 -0.000000000  0.000000000   1.0
  0.000291582  0.666666667  0.000000000   2.0
  0.333624915 -0.000000000  0.000000000   1.0
  0.000291582  0.722222222  0.000000000   2.0
  0.278069360 -0.000000000  0.000000000   1.0
  0.000291582  0.777777778  0.000000000   2.0
  0.222513804 -0.000000000  0.000000000   1.0
  0.000291582  0.833333333  0.000000000   2.0
  0.166958249 -0.000000000  0.000000000   1.0
  0.000291582  0.888888889  0.000000000   2.0
  0.111402693 -0.000000000  0.000000000   1.0
  0.000291582  0.944444444  0.000000000   2.0
  0.055847138 -0.000000000  0.000000000   1.0
  0.055847138  0.055555556  0.000000000   2.0
  0.944736026  0.944444444  0.000000000   2.0
  0.055847138  0.888888888  0.000000000   2.0
  0.055847138  0.111111111  0.000000000   2.0
  0.889180471  0.944444444  0.000000000   2.0
  0.111402693  0.833333333  0.000000000   2.0
  0.055847138  0.166666667  0.000000000   2.0
  0.833624915  0.944444444  0.000000000   2.0
  0.166958249  0.777777777  0.000000000   2.0
  0.055847138  0.222222222  0.000000000   2.0
  0.778069360  0.944444444  0.000000000   2.0
  0.222513804  0.722222222  0.000000000   2.0
  0.055847138  0.277777778  0.000000000   2.0
  0.722513804  0.944444444  0.000000000   2.0
  0.278069360  0.666666666  0.000000000   2.0
  0.055847138  0.333333333  0.000000000   2.0
  0.666958249  0.944444444  0.000000000   2.0
  0.333624915  0.611111111  0.000000000   2.0
  0.055847138  0.388888889  0.000000000   2.0
  0.611402693  0.944444444  0.000000000   2.0
  0.389180471  0.555555555  0.000000000   2.0
  0.055847138  0.444444444  0.000000000   2.0
  0.555847138  0.944444444  0.000000000   2.0
  0.444736026  0.500000000  0.000000000   2.0
  0.055847138  0.500000000  0.000000000   2.0
  0.500291582  0.944444444  0.000000000   2.0
  0.500291582  0.444444444  0.000000000   2.0
  0.055847138  0.555555556  0.000000000   2.0
  0.444736026  0.944444444  0.000000000   2.0
  0.555847138  0.388888888  0.000000000   2.0
  0.055847138  0.611111111  0.000000000   2.0
  0.389180471  0.944444444  0.000000000   2.0
  0.611402693  0.333333333  0.000000000   2.0
  0.055847138  0.666666667  0.000000000   2.0
  0.333624915  0.944444444  0.000000000   2.0
  0.666958249  0.277777777  0.000000000   2.0
  0.055847138  0.722222222  0.000000000   2.0
  0.278069360  0.944444444  0.000000000   2.0
  0.722513804  0.222222222  0.000000000   2.0
  0.055847138  0.777777778  0.000000000   2.0
  0.222513804  0.944444444  0.000000000   2.0
  0.778069360  0.166666666  0.000000000   2.0
  0.055847138  0.833333333  0.000000000   2.0
  0.166958249  0.944444444  0.000000000   2.0
  0.833624915  0.111111111  0.000000000   2.0
  0.111402693  0.111111111  0.000000000   2.0
  0.889180471  0.888888889  0.000000000   2.0
  0.111402693  0.777777778  0.000000000   2.0
  0.111402693  0.166666667  0.000000000   2.0
  0.833624915  0.888888889  0.000000000   2.0
  0.166958249  0.722222222  0.000000000   2.0
  0.111402693  0.222222222  0.000000000   2.0
  0.778069360  0.888888889  0.000000000   2.0
  0.222513804  0.666666667  0.000000000   2.0
  0.111402693  0.277777778  0.000000000   2.0
  0.722513804  0.888888889  0.000000000   2.0
  0.278069360  0.611111111  0.000000000   2.0
  0.111402693  0.333333333  0.000000000   2.0
  0.666958249  0.888888889  0.000000000   2.0
  0.333624915  0.555555556  0.000000000   2.0
  0.111402693  0.388888889  0.000000000   2.0
  0.611402693  0.888888889  0.000000000   2.0
  0.389180471  0.500000000  0.000000000   2.0
  0.111402693  0.444444444  0.000000000   2.0
  0.555847138  0.888888889  0.000000000   2.0
  0.444736026  0.444444445  0.000000000   2.0
  0.111402693  0.500000000  0.000000000   2.0
  0.500291582  0.888888889  0.000000000   2.0
  0.500291582  0.388888889  0.000000000   2.0
  0.111402693  0.555555556  0.000000000   2.0
  0.444736026  0.888888889  0.000000000   2.0
  0.555847138  0.333333333  0.000000000   2.0
  0.111402693  0.611111111  0.000000000   2.0
  0.389180471  0.888888889  0.000000000   2.0
  0.611402693  0.277777778  0.000000000   2.0
  0.111402693  0.666666667  0.000000000   2.0
  0.333624915  0.888888889  0.000000000   2.0
  0.666958249  0.222222222  0.000000000   2.0
  0.111402693  0.722222222  0.000000000   2.0
  0.278069360  0.888888889  0.000000000   2.0
  0.722513804  0.166666667  0.000000000   2.0
  0.166958249  0.166666667  0.000000000   2.0
  0.833624915  0.833333333  0.000000000   2.0
  0.166958249  0.666666666  0.000000000   2.0
  0.166958249  0.222222222  0.000000000   2.0
  0.778069360  0.833333333  0.000000000   2.0
  0.222513804  0.611111111  0.000000000   2.0
  0.166958249  0.277777778  0.000000000   2.0
  0.722513804  0.833333333  0.000000000   2.0
  0.278069360  0.555555555  0.000000000   2.0
  0.166958249  0.333333333  0.000000000   2.0
  0.666958249  0.833333333  0.000000000   2.0
  0.333624915  0.500000000  0.000000000   2.0
  0.166958249  0.388888889  0.000000000   2.0
  0.611402693  0.833333333  0.000000000   2.0
  0.389180471  0.444444444  0.000000000   2.0
  0.166958249  0.444444444  0.000000000   2.0
  0.555847138  0.833333333  0.000000000   2.0
  0.444736026  0.388888889  0.000000000   2.0
  0.166958249  0.500000000  0.000000000   2.0
  0.500291582  0.833333333  0.000000000   2.0
  0.500291582  0.333333333  0.000000000   2.0
  0.166958249  0.555555556  0.000000000   2.0
  0.444736026  0.833333333  0.000000000   2.0
  0.555847138  0.277777777  0.000000000   2.0
  0.166958249  0.611111111  0.000000000   2.0
  0.389180471  0.833333333  0.000000000   2.0
  0.611402693  0.222222222  0.000000000   2.0
  0.222513804  0.222222222  0.000000000   2.0
  0.778069360  0.777777778  0.000000000   2.0
  0.222513804  0.555555556  0.000000000   2.0
  0.222513804  0.277777778  0.000000000   2.0
  0.722513804  0.777777778  0.000000000   2.0
  0.278069360  0.500000000  0.000000000   2.0
  0.222513804  0.333333333  0.000000000   2.0
  0.666958249  0.777777778  0.000000000   2.0
  0.333624915  0.444444445  0.000000000   2.0
  0.222513804  0.388888889  0.000000000   2.0
  0.611402693  0.777777778  0.000000000   2.0
  0.389180471  0.388888889  0.000000000   2.0
  0.222513804  0.444444444  0.000000000   2.0
  0.555847138  0.777777778  0.000000000   2.0
  0.444736026  0.333333334  0.000000000   2.0
  0.222513804  0.500000000  0.000000000   2.0
  0.500291582  0.777777778  0.000000000   2.0
  0.500291582  0.277777778  0.000000000   2.0
  0.278069360  0.277777778  0.000000000   2.0
  0.722513804  0.722222222  0.000000000   2.0
  0.278069360  0.444444444  0.000000000   2.0
  0.278069360  0.333333333  0.000000000   2.0
  0.666958249  0.722222222  0.000000000   2.0
  0.333624915  0.388888889  0.000000000   2.0
  0.278069360  0.388888889  0.000000000   2.0
  0.611402693  0.722222222  0.000000000   2.0
  0.389180471  0.333333333  0.000000000   2.0
  0.333624915  0.333333333  0.000000000   2.0
  0.001166328  0.000000000  0.000000000   1.0
  0.001166328  0.055555556  0.000000000   2.0
  0.945610772  0.000000000  0.000000000   1.0
  0.001166328  0.111111111  0.000000000   2.0
  0.890055217 -0.000000000  0.000000000   1.0
  0.001166328  0.166666667  0.000000000   2.0
  0.834499661 -0.000000000  0.000000000   1.0
  0.001166328  0.222222222  0.000000000   2.0
  0.778944106 -0.000000000  0.000000000   1.0
  0.001166328  0.277777778  0.000000000   2.0
  0.723388550 -0.000000000  0.000000000   1.0
  0.001166328  0.333333333  0.000000000   2.0
  0.667832995 -0.000000000  0.000000000   1.0
  0.001166328  0.388888889  0.000000000   2.0
  0.612277439 -0.000000000  0.000000000   1.0
  0.001166328  0.444444444  0.000000000   2.0
  0.556721884  0.000000000  0.000000000   1.0
  0.001166328  0.500000000  0.000000000   2.0
  0.501166328 -0.000000000  0.000000000   1.0
  0.001166328  0.555555556  0.000000000   2.0
  0.445610772 -0.000000000  0.000000000   1.0
  0.001166328  0.611111111  0.000000000   2.0
  0.390055217 -0.000000000  0.000000000   1.0
  0.001166328  0.666666667  0.000000000   2.0
  0.334499661 -0.000000000  0.000000000   1.0
  0.001166328  0.722222222  0.000000000   2.0
  0.278944106 -0.000000000  0.000000000   1.0
  0.001166328  0.777777778  0.000000000   2.0
  0.223388550 -0.000000000  0.000000000   1.0
  0.001166328  0.833333333  0.000000000   2.0
  0.167832995 -0.000000000  0.000000000   1.0
  0.001166328  0.888888889  0.000000000   2.0
  0.112277439 -0.000000000  0.000000000   1.0
  0.001166328  0.944444444  0.000000000   2.0
  0.056721884 -0.000000000  0.000000000   1.0
  0.056721884  0.055555556  0.000000000   2.0
  0.945610772  0.944444444  0.000000000   2.0
  0.056721884  0.888888888  0.000000000   2.0
  0.056721884  0.111111111  0.000000000   2.0
  0.890055217  0.944444444  0.000000000   2.0
  0.112277439  0.833333333  0.000000000   2.0
  0.056721884  0.166666667  0.000000000   2.0
  0.834499661  0.944444444  0.000000000   2.0
  0.167832995  0.777777777  0.000000000   2.0
  0.056721884  0.222222222  0.000000000   2.0
  0.778944106  0.944444444  0.000000000   2.0
  0.223388550  0.722222222  0.000000000   2.0
  0.056721884  0.277777778  0.000000000   2.0
  0.723388550  0.944444444  0.000000000   2.0
  0.278944106  0.666666666  0.000000000   2.0
  0.056721884  0.333333333  0.000000000   2.0
  0.667832995  0.944444444  0.000000000   2.0
  0.334499661  0.611111111  0.000000000   2.0
  0.056721884  0.388888889  0.000000000   2.0
  0.612277439  0.944444444  0.000000000   2.0
  0.390055217  0.555555555  0.000000000   2.0
  0.056721884  0.444444444  0.000000000   2.0
  0.556721884  0.944444444  0.000000000   2.0
  0.445610772  0.500000000  0.000000000   2.0
  0.056721884  0.500000000  0.000000000   2.0
  0.501166328  0.944444444  0.000000000   2.0
  0.501166328  0.444444444  0.000000000   2.0
  0.056721884  0.555555556  0.000000000   2.0
  0.445610772  0.944444444  0.000000000   2.0
  0.556721884  0.388888888  0.000000000   2.0
  0.056721884  0.611111111  0.000000000   2.0
  0.390055217  0.944444444  0.000000000   2.0
  0.612277439  0.333333333  0.000000000   2.0
  0.056721884  0.666666667  0.000000000   2.0
  0.334499661  0.944444444  0.000000000   2.0
  0.667832995  0.277777777  0.000000000   2.0
  0.056721884  0.722222222  0.000000000   2.0
  0.278944106  0.944444444  0.000000000   2.0
  0.723388550  0.222222222  0.000000000   2.0
  0.056721884  0.777777778  0.000000000   2.0
  0.223388550  0.944444444  0.000000000   2.0
  0.778944106  0.166666666  0.000000000   2.0
  0.056721884  0.833333333  0.000000000   2.0
  0.167832995  0.944444444  0.000000000   2.0
  0.834499661  0.111111111  0.000000000   2.0
  0.112277439  0.111111111  0.000000000   2.0
  0.890055217  0.888888889  0.000000000   2.0
  0.112277439  0.777777778  0.000000000   2.0
  0.112277439  0.166666667  0.000000000   2.0
  0.834499661  0.888888889  0.000000000   2.0
  0.167832995  0.722222222  0.000000000   2.0
  0.112277439  0.222222222  0.000000000   2.0
  0.778944106  0.888888889  0.000000000   2.0
  0.223388550  0.666666667  0.000000000   2.0
  0.112277439  0.277777778  0.000000000   2.0
  0.723388550  0.888888889  0.000000000   2.0
  0.278944106  0.611111111  0.000000000   2.0
  0.112277439  0.333333333  0.000000000   2.0
  0.667832995  0.888888889  0.000000000   2.0
  0.334499661  0.555555556  0.000000000   2.0
  0.112277439  0.388888889  0.000000000   2.0
  0.612277439  0.888888889  0.000000000   2.0
  0.390055217  0.500000000  0.000000000   2.0
  0.112277439  0.444444444  0.000000000   2.0
  0.556721884  0.888888889  0.000000000   2.0
  0.445610772  0.444444445  0.000000000   2.0
  0.112277439  0.500000000  0.000000000   2.0
  0.501166328  0.888888889  0.000000000   2.0
  0.501166328  0.388888889  0.000000000   2.0
  0.112277439  0.555555556  0.000000000   2.0
  0.445610772  0.888888889  0.000000000   2.0
  0.556721884  0.333333333  0.000000000   2.0
  0.112277439  0.611111111  0.000000000   2.0
  0.390055217  0.888888889  0.000000000   2.0
  0.612277439  0.277777778  0.000000000   2.0
  0.112277439  0.666666667  0.000000000   2.0
  0.334499661  0.888888889  0.000000000   2.0
  0.667832995  0.222222222  0.000000000   2.0
  0.112277439  0.722222222  0.000000000   2.0
  0.278944106  0.888888889  0.000000000   2.0
  0.723388550  0.166666667  0.000000000   2.0
  0.167832995  0.166666667  0.000000000   2.0
  0.834499661  0.833333333  0.000000000   2.0
  0.167832995  0.666666666  0.000000000   2.0
  0.167832995  0.222222222  0.000000000   2.0
  0.778944106  0.833333333  0.000000000   2.0
  0.223388550  0.611111111  0.000000000   2.0
  0.167832995  0.277777778  0.000000000   2.0
  0.723388550  0.833333333  0.000000000   2.0
  0.278944106  0.555555555  0.000000000   2.0
  0.167832995  0.333333333  0.000000000   2.0
  0.667832995  0.833333333  0.000000000   2.0
  0.334499661  0.500000000  0.000000000   2.0
  0.167832995  0.388888889  0.000000000   2.0
  0.612277439  0.833333333  0.000000000   2.0
  0.390055217  0.444444444  0.000000000   2.0
  0.167832995  0.444444444  0.000000000   2.0
  0.556721884  0.833333333  0.000000000   2.0
  0.445610772  0.388888889  0.000000000   2.0
  0.167832995  0.500000000  0.000000000   2.0
  0.501166328  0.833333333  0.000000000   2.0
  0.501166328  0.333333333  0.000000000   2.0
  0.167832995  0.555555556  0.000000000   2.0
  0.445610772  0.833333333  0.000000000   2.0
  0.556721884  0.277777777  0.000000000   2.0
  0.167832995  0.611111111  0.000000000   2.0
  0.390055217  0.833333333  0.000000000   2.0
  0.612277439  0.222222222  0.000000000   2.0
  0.223388550  0.222222222  0.000000000   2.0
  0.778944106  0.777777778  0.000000000   2.0
  0.223388550  0.555555556  0.000000000   2.0
  0.223388550  0.277777778  0.000000000   2.0
  0.723388550  0.777777778  0.000000000   2.0
  0.278944106  0.500000000  0.000000000   2.0
  0.223388550  0.333333333  0.000000000   2.0
  0.667832995  0.777777778  0.000000000   2.0
  0.334499661  0.444444445  0.000000000   2.0
  0.223388550  0.388888889  0.000000000   2.0
  0.612277439  0.777777778  0.000000000   2.0
  0.390055217  0.388888889  0.000000000   2.0
  0.223388550  0.444444444  0.000000000   2.0
  0.556721884  0.777777778  0.000000000   2.0
  0.445610772  0.333333334  0.000000000   2.0
  0.223388550  0.500000000  0.000000000   2.0
  0.501166328  0.777777778  0.000000000   2.0
  0.501166328  0.277777778  0.000000000   2.0
  0.278944106  0.277777778  0.000000000   2.0
  0.723388550  0.722222222  0.000000000   2.0
  0.278944106  0.444444444  0.000000000   2.0
  0.278944106  0.333333333  0.000000000   2.0
  0.667832995  0.722222222  0.000000000   2.0
  0.334499661  0.388888889  0.000000000   2.0
  0.278944106  0.388888889  0.000000000   2.0
  0.612277439  0.722222222  0.000000000   2.0
  0.390055217  0.333333333  0.000000000   2.0
  0.334499661  0.333333333  0.000000000   2.0
  0.002624238  0.000000000  0.000000000   1.0
  0.002624238  0.055555556  0.000000000   2.0
  0.947068682  0.000000000  0.000000000   1.0
  0.002624238  0.111111111  0.000000000   2.0
  0.891513127 -0.000000000  0.000000000   1.0
  0.002624238  0.166666667  0.000000000   2.0
  0.835957571 -0.000000000  0.000000000   1.0
  0.002624238  0.222222222  0.000000000   2.0
  0.780402016 -0.000000000  0.000000000   1.0
  0.002624238  0.277777778  0.000000000   2.0
  0.724846460 -0.000000000  0.000000000   1.0
  0.002624238  0.333333333  0.000000000   2.0
  0.669290905 -0.000000000  0.000000000   1.0
  0.002624238  0.388888889  0.000000000   2.0
  0.613735349 -0.000000000  0.000000000   1.0
  0.002624238  0.444444444  0.000000000   2.0
  0.558179794  0.000000000  0.000000000   1.0
  0.002624238  0.500000000  0.000000000   2.0
  0.502624238 -0.000000000  0.000000000   1.0
  0.002624238  0.555555556  0.000000000   2.0
  0.447068682 -0.000000000  0.000000000   1.0
  0.002624238  0.611111111  0.000000000   2.0
  0.391513127 -0.000000000  0.000000000   1.0
  0.002624238  0.666666667  0.000000000   2.0
  0.335957571 -0.000000000  0.000000000   1.0
  0.002624238  0.722222222  0.000000000   2.0
  0.280402016 -0.000000000  0.000000000   1.0
  0.002624238  0.777777778  0.000000000   2.0
  0.224846460 -0.000000000  0.000000000   1.0
  0.002624238  0.833333333  0.000000000   2.0
  0.169290905 -0.000000000  0.000000000   1.0
  0.002624238  0.888888889  0.000000000   2.0
  0.113735349 -0.000000000  0.000000000   1.0
  0.002624238  0.944444444  0.000000000   2.0
  0.058179794 -0.000000000  0.000000000   1.0
  0.058179794  0.055555556  0.000000000   2.0
  0.947068682  0.944444444  0.000000000   2.0
  0.058179794  0.888888888  0.000000000   2.0
  0.058179794  0.111111111  0.000000000   2.0
  0.891513127  0.944444444  0.000000000   2.0
  0.113735349  0.833333333  0.000000000   2.0
  0.058179794  0.166666667  0.000000000   2.0
  0.835957571  0.944444444  0.000000000   2.0
  0.169290905  0.777777777  0.000000000   2.0
  0.058179794  0.222222222  0.000000000   2.0
  0.780402016  0.944444444  0.000000000   2.0
  0.224846460  0.722222222  0.000000000   2.0
  0.058179794  0.277777778  0.000000000   2.0
  0.724846460  0.944444444  0.000000000   2.0
  0.280402016  0.666666666  0.000000000   2.0
  0.058179794  0.333333333  0.000000000   2.0
  0.669290905  0.944444444  0.000000000   2.0
  0.335957571  0.611111111  0.000000000   2.0
  0.058179794  0.388888889  0.000000000   2.0
  0.613735349  0.944444444  0.000000000   2.0
  0.391513127  0.555555555  0.000000000   2.0
  0.058179794  0.444444444  0.000000000   2.0
  0.558179794  0.944444444  0.000000000   2.0
  0.447068682  0.500000000  0.000000000   2.0
  0.058179794  0.500000000  0.000000000   2.0
  0.502624238  0.944444444  0.000000000   2.0
  0.502624238  0.444444444  0.000000000   2.0
  0.058179794  0.555555556  0.000000000   2.0
  0.447068682  0.944444444  0.000000000   2.0
  0.558179794  0.388888888  0.000000000   2.0
  0.058179794  0.611111111  0.000000000   2.0
  0.391513127  0.944444444  0.000000000   2.0
  0.613735349  0.333333333  0.000000000   2.0
  0.058179794  0.666666667  0.000000000   2.0
  0.335957571  0.944444444  0.000000000   2.0
  0.669290905  0.277777777  0.000000000   2.0
  0.058179794  0.722222222  0.000000000   2.0
  0.280402016  0.944444444  0.000000000   2.0
  0.724846460  0.222222222  0.000000000   2.0
  0.058179794  0.777777778  0.000000000   2.0
  0.224846460  0.944444444  0.000000000   2.0
  0.780402016  0.166666666  0.000000000   2.0
  0.058179794  0.833333333  0.000000000   2.0
  0.169290905  0.944444444  0.000000000   2.0
  0.835957571  0.111111111  0.000000000   2.0
  0.113735349  0.111111111  0.000000000   2.0
  0.891513127  0.888888889  0.000000000   2.0
  0.113735349  0.777777778  0.000000000   2.0
  0.113735349  0.166666667  0.000000000   2.0
  0.835957571  0.888888889  0.000000000   2.0
  0.169290905  0.722222222  0.000000000   2.0
  0.113735349  0.222222222  0.000000000   2.0
  0.780402016  0.888888889  0.000000000   2.0
  0.224846460  0.666666667  0.000000000   2.0
  0.113735349  0.277777778  0.000000000   2.0
  0.724846460  0.888888889  0.000000000   2.0
  0.280402016  0.611111111  0.000000000   2.0
  0.113735349  0.333333333  0.000000000   2.0
  0.669290905  0.888888889  0.000000000   2.0
  0.335957571  0.555555556  0.000000000   2.0
  0.113735349  0.388888889  0.000000000   2.0
  0.613735349  0.888888889  0.000000000   2.0
  0.391513127  0.500000000  0.000000000   2.0
  0.113735349  0.444444444  0.000000000   2.0
  0.558179794  0.888888889  0.000000000   2.0
  0.447068682  0.444444445  0.000000000   2.0
  0.113735349  0.500000000  0.000000000   2.0
  0.502624238  0.888888889  0.000000000   2.0
  0.502624238  0.388888889  0.000000000   2.0
  0.113735349  0.555555556  0.000000000   2.0
  0.447068682  0.888888889  0.000000000   2.0
  0.558179794  0.333333333  0.000000000   2.0
  0.113735349  0.611111111  0.000000000   2.0
  0.391513127  0.888888889  0.000000000   2.0
  0.613735349  0.277777778  0.000000000   2.0
  0.113735349  0.666666667  0.000000000   2.0
  0.335957571  0.888888889  0.000000000   2.0
  0.669290905  0.222222222  0.000000000   2.0
  0.113735349  0.722222222  0.000000000   2.0
  0.280402016  0.888888889  0.000000000   2.0
  0.724846460  0.166666667  0.000000000   2.0
  0.169290905  0.166666667  0.000000000   2.0
  0.835957571  0.833333333  0.000000000   2.0
  0.169290905  0.666666666  0.000000000   2.0
  0.169290905  0.222222222  0.000000000   2.0
  0.780402016  0.833333333  0.000000000   2.0
  0.224846460  0.611111111  0.000000000   2.0
  0.169290905  0.277777778  0.000000000   2.0
  0.724846460  0.833333333  0.000000000   2.0
  0.280402016  0.555555555  0.000000000   2.0
  0.169290905  0.333333333  0.000000000   2.0
  0.669290905  0.833333333  0.000000000   2.0
  0.335957571  0.500000000  0.000000000   2.0
  0.169290905  0.388888889  0.000000000   2.0
  0.613735349  0.833333333  0.000000000   2.0
  0.391513127  0.444444444  0.000000000   2.0
  0.169290905  0.444444444  0.000000000   2.0
  0.558179794  0.833333333  0.000000000   2.0
  0.447068682  0.388888889  0.000000000   2.0
  0.169290905  0.500000000  0.000000000   2.0
  0.502624238  0.833333333  0.000000000   2.0
  0.502624238  0.333333333  0.000000000   2.0
  0.169290905  0.555555556  0.000000000   2.0
  0.447068682  0.833333333  0.000000000   2.0
  0.558179794  0.277777777  0.000000000   2.0
  0.169290905  0.611111111  0.000000000   2.0
  0.391513127  0.833333333  0.000000000   2.0
  0.613735349  0.222222222  0.000000000   2.0
  0.224846460  0.222222222  0.000000000   2.0
  0.780402016  0.777777778  0.000000000   2.0
  0.224846460  0.555555556  0.000000000   2.0
  0.224846460  0.277777778  0.000000000   2.0
  0.724846460  0.777777778  0.000000000   2.0
  0.280402016  0.500000000  0.000000000   2.0
  0.224846460  0.333333333  0.000000000   2.0
  0.669290905  0.777777778  0.000000000   2.0
  0.335957571  0.444444445  0.000000000   2.0
  0.224846460  0.388888889  0.000000000   2.0
  0.613735349  0.777777778  0.000000000   2.0
  0.391513127  0.388888889  0.000000000   2.0
  0.224846460  0.444444444  0.000000000   2.0
  0.558179794  0.777777778  0.000000000   2.0
  0.447068682  0.333333334  0.000000000   2.0
  0.224846460  0.500000000  0.000000000   2.0
  0.502624238  0.777777778  0.000000000   2.0
  0.502624238  0.277777778  0.000000000   2.0
  0.280402016  0.277777778  0.000000000   2.0
  0.724846460  0.722222222  0.000000000   2.0
  0.280402016  0.444444444  0.000000000   2.0
  0.280402016  0.333333333  0.000000000   2.0
  0.669290905  0.722222222  0.000000000   2.0
  0.335957571  0.388888889  0.000000000   2.0
  0.280402016  0.388888889  0.000000000   2.0
  0.613735349  0.722222222  0.000000000   2.0
  0.391513127  0.333333333  0.000000000   2.0
  0.335957571  0.333333333  0.000000000   2.0
  0.004665312  0.000000000  0.000000000   1.0
  0.004665312  0.055555556  0.000000000   2.0
  0.949109756  0.000000000  0.000000000   1.0
  0.004665312  0.111111111  0.000000000   2.0
  0.893554201 -0.000000000  0.000000000   1.0
  0.004665312  0.166666667  0.000000000   2.0
  0.837998645 -0.000000000  0.000000000   1.0
  0.004665312  0.222222222  0.000000000   2.0
  0.782443090 -0.000000000  0.000000000   1.0
  0.004665312  0.277777778  0.000000000   2.0
  0.726887534 -0.000000000  0.000000000   1.0
  0.004665312  0.333333333  0.000000000   2.0
  0.671331979 -0.000000000  0.000000000   1.0
  0.004665312  0.388888889  0.000000000   2.0
  0.615776423 -0.000000000  0.000000000   1.0
  0.004665312  0.444444444  0.000000000   2.0
  0.560220868  0.000000000  0.000000000   1.0
  0.004665312  0.500000000  0.000000000   2.0
  0.504665312 -0.000000000  0.000000000   1.0
  0.004665312  0.555555556  0.000000000   2.0
  0.449109756 -0.000000000  0.000000000   1.0
  0.004665312  0.611111111  0.000000000   2.0
  0.393554201 -0.000000000  0.000000000   1.0
  0.004665312  0.666666667  0.000000000   2.0
  0.337998645 -0.000000000  0.000000000   1.0
  0.004665312  0.722222222  0.000000000   2.0
  0.282443090 -0.000000000  0.000000000   1.0
  0.004665312  0.777777778  0.000000000   2.0
  0.226887534 -0.000000000  0.000000000   1.0
  0.004665312  0.833333333  0.000000000   2.0
  0.171331979 -0.000000000  0.000000000   1.0
  0.004665312  0.888888889  0.000000000   2.0
  0.115776423 -0.000000000  0.000000000   1.0
  0.004665312  0.944444444  0.000000000   2.0
  0.060220868 -0.000000000  0.000000000   1.0
  0.060220868  0.055555556  0.000000000   2.0
  0.949109756  0.944444444  0.000000000   2.0
  0.060220868  0.888888888  0.000000000   2.0
  0.060220868  0.111111111  0.000000000   2.0
  0.893554201  0.944444444  0.000000000   2.0
  0.115776423  0.833333333  0.000000000   2.0
  0.060220868  0.166666667  0.000000000   2.0
  0.837998645  0.944444444  0.000000000   2.0
  0.171331979  0.777777777  0.000000000   2.0
  0.060220868  0.222222222  0.000000000   2.0
  0.782443090  0.944444444  0.000000000   2.0
  0.226887534  0.722222222  0.000000000   2.0
  0.060220868  0.277777778  0.000000000   2.0
  0.726887534  0.944444444  0.000000000   2.0
  0.282443090  0.666666666  0.000000000   2.0
  0.060220868  0.333333333  0.000000000   2.0
  0.671331979  0.944444444  0.000000000   2.0
  0.337998645  0.611111111  0.000000000   2.0
  0.060220868  0.388888889  0.000000000   2.0
  0.615776423  0.944444444  0.000000000   2.0
  0.393554201  0.555555555  0.000000000   2.0
  0.060220868  0.444444444  0.000000000   2.0
  0.560220868  0.944444444  0.000000000   2.0
  0.449109756  0.500000000  0.000000000   2.0
  0.060220868  0.500000000  0.000000000   2.0
  0.504665312  0.944444444  0.000000000   2.0
  0.504665312  0.444444444  0.000000000   2.0
  0.060220868  0.555555556  0.000000000   2.0
  0.449109756  0.944444444  0.000000000   2.0
  0.560220868  0.388888888  0.000000000   2.0
  0.060220868  0.611111111  0.000000000   2.0
  0.393554201  0.944444444  0.000000000   2.0
  0.615776423  0.333333333  0.000000000   2.0
  0.060220868  0.666666667  0.000000000   2.0
  0.337998645  0.944444444  0.000000000   2.0
  0.671331979  0.277777777  0.000000000   2.0
  0.060220868  0.722222222  0.000000000   2.0
  0.282443090  0.944444444  0.000000000   2.0
  0.726887534  0.222222222  0.000000000   2.0
  0.060220868  0.777777778  0.000000000   2.0
  0.226887534  0.944444444  0.000000000   2.0
  0.782443090  0.166666666  0.000000000   2.0
  0.060220868  0.833333333  0.000000000   2.0
  0.171331979  0.944444444  0.000000000   2.0
  0.837998645  0.111111111  0.000000000   2.0
  0.115776423  0.111111111  0.000000000   2.0
  0.893554201  0.888888889  0.000000000   2.0
  0.115776423  0.777777778  0.000000000   2.0
  0.115776423  0.166666667  0.000000000   2.0
  0.837998645  0.888888889  0.000000000   2.0
  0.171331979  0.722222222  0.000000000   2.0
  0.115776423  0.222222222  0.000000000   2.0
  0.782443090  0.888888889  0.000000000   2.0
  0.226887534  0.666666667  0.000000000   2.0
  0.115776423  0.277777778  0.000000000   2.0
  0.726887534  0.888888889  0.000000000   2.0
  0.282443090  0.611111111  0.000000000   2.0
  0.115776423  0.333333333  0.000000000   2.0
  0.671331979  0.888888889  0.000000000   2.0
  0.337998645  0.555555556  0.000000000   2.0
  0.115776423  0.388888889  0.000000000   2.0
  0.615776423  0.888888889  0.000000000   2.0
  0.393554201  0.500000000  0.000000000   2.0
  0.115776423  0.444444444  0.000000000   2.0
  0.560220868  0.888888889  0.000000000   2.0
  0.449109756  0.444444445  0.000000000   2.0
  0.115776423  0.500000000  0.000000000   2.0
  0.504665312  0.888888889  0.000000000   2.0
  0.504665312  0.388888889  0.000000000   2.0
  0.115776423  0.555555556  0.000000000   2.0
  0.449109756  0.888888889  0.000000000   2.0
  0.560220868  0.333333333  0.000000000   2.0
  0.115776423  0.611111111  0.000000000   2.0
  0.393554201  0.888888889  0.000000000   2.0
  0.615776423  0.277777778  0.000000000   2.0
  0.115776423  0.666666667  0.000000000   2.0
  0.337998645  0.888888889  0.000000000   2.0
  0.671331979  0.222222222  0.000000000   2.0
  0.115776423  0.722222222  0.000000000   2.0
  0.282443090  0.888888889  0.000000000   2.0
  0.726887534  0.166666667  0.000000000   2.0
  0.171331979  0.166666667  0.000000000   2.0
  0.837998645  0.833333333  0.000000000   2.0
  0.171331979  0.666666666  0.000000000   2.0
  0.171331979  0.222222222  0.000000000   2.0
  0.782443090  0.833333333  0.000000000   2.0
  0.226887534  0.611111111  0.000000000   2.0
  0.171331979  0.277777778  0.000000000   2.0
  0.726887534  0.833333333  0.000000000   2.0
  0.282443090  0.555555555  0.000000000   2.0
  0.171331979  0.333333333  0.000000000   2.0
  0.671331979  0.833333333  0.000000000   2.0
  0.337998645  0.500000000  0.000000000   2.0
  0.171331979  0.388888889  0.000000000   2.0
  0.615776423  0.833333333  0.000000000   2.0
  0.393554201  0.444444444  0.000000000   2.0
  0.171331979  0.444444444  0.000000000   2.0
  0.560220868  0.833333333  0.000000000   2.0
  0.449109756  0.388888889  0.000000000   2.0
  0.171331979  0.500000000  0.000000000   2.0
  0.504665312  0.833333333  0.000000000   2.0
  0.504665312  0.333333333  0.000000000   2.0
  0.171331979  0.555555556  0.000000000   2.0
  0.449109756  0.833333333  0.000000000   2.0
  0.560220868  0.277777777  0.000000000   2.0
  0.171331979  0.611111111  0.000000000   2.0
  0.393554201  0.833333333  0.000000000   2.0
  0.615776423  0.222222222  0.000000000   2.0
  0.226887534  0.222222222  0.000000000   2.0
  0.782443090  0.777777778  0.000000000   2.0
  0.226887534  0.555555556  0.000000000   2.0
  0.226887534  0.277777778  0.000000000   2.0
  0.726887534  0.777777778  0.000000000   2.0
  0.282443090  0.500000000  0.000000000   2.0
  0.226887534  0.333333333  0.000000000   2.0
  0.671331979  0.777777778  0.000000000   2.0
  0.337998645  0.444444445  0.000000000   2.0
  0.226887534  0.388888889  0.000000000   2.0
  0.615776423  0.777777778  0.000000000   2.0
  0.393554201  0.388888889  0.000000000   2.0
  0.226887534  0.444444444  0.000000000   2.0
  0.560220868  0.777777778  0.000000000   2.0
  0.449109756  0.333333334  0.000000000   2.0
  0.226887534  0.500000000  0.000000000   2.0
  0.504665312  0.777777778  0.000000000   2.0
  0.504665312  0.277777778  0.000000000   2.0
  0.282443090  0.277777778  0.000000000   2.0
  0.726887534  0.722222222  0.000000000   2.0
  0.282443090  0.444444444  0.000000000   2.0
  0.282443090  0.333333333  0.000000000   2.0
  0.671331979  0.722222222  0.000000000   2.0
  0.337998645  0.388888889  0.000000000   2.0
  0.282443090  0.388888889  0.000000000   2.0
  0.615776423  0.722222222  0.000000000   2.0
  0.393554201  0.333333333  0.000000000   2.0
  0.337998645  0.333333333  0.000000000   2.0
  0.007289550  0.000000000  0.000000000   1.0
  0.007289550  0.055555556  0.000000000   2.0
  0.951733994  0.000000000  0.000000000   1.0
  0.007289550  0.111111111  0.000000000   2.0
  0.896178439 -0.000000000  0.000000000   1.0
  0.007289550  0.166666667  0.000000000   2.0
  0.840622883 -0.000000000  0.000000000   1.0
  0.007289550  0.222222222  0.000000000   2.0
  0.785067328 -0.000000000  0.000000000   1.0
  0.007289550  0.277777778  0.000000000   2.0
  0.729511772 -0.000000000  0.000000000   1.0
  0.007289550  0.333333333  0.000000000   2.0
  0.673956217 -0.000000000  0.000000000   1.0
  0.007289550  0.388888889  0.000000000   2.0
  0.618400661 -0.000000000  0.000000000   1.0
  0.007289550  0.444444444  0.000000000   2.0
  0.562845106  0.000000000  0.000000000   1.0
  0.007289550  0.500000000  0.000000000   2.0
  0.507289550 -0.000000000  0.000000000   1.0
  0.007289550  0.555555556  0.000000000   2.0
  0.451733994 -0.000000000  0.000000000   1.0
  0.007289550  0.611111111  0.000000000   2.0
  0.396178439 -0.000000000  0.000000000   1.0
  0.007289550  0.666666667  0.000000000   2.0
  0.340622883 -0.000000000  0.000000000   1.0
  0.007289550  0.722222222  0.000000000   2.0
  0.285067328 -0.000000000  0.000000000   1.0
  0.007289550  0.777777778  0.000000000   2.0
  0.229511772 -0.000000000  0.000000000   1.0
  0.007289550  0.833333333  0.000000000   2.0
  0.173956217 -0.000000000  0.000000000   1.0
  0.007289550  0.888888889  0.000000000   2.0
  0.118400661 -0.000000000  0.000000000   1.0
  0.007289550  0.944444444  0.000000000   2.0
  0.062845106 -0.000000000  0.000000000   1.0
  0.062845106  0.055555556  0.000000000   2.0
  0.951733994  0.944444444  0.000000000   2.0
  0.062845106  0.888888888  0.000000000   2.0
  0.062845106  0.111111111  0.000000000   2.0
  0.896178439  0.944444444  0.000000000   2.0
  0.118400661  0.833333333  0.000000000   2.0
  0.062845106  0.166666667  0.000000000   2.0
  0.840622883  0.944444444  0.000000000   2.0
  0.173956217  0.777777777  0.000000000   2.0
  0.062845106  0.222222222  0.000000000   2.0
  0.785067328  0.944444444  0.000000000   2.0
  0.229511772  0.722222222  0.000000000   2.0
  0.062845106  0.277777778  0.000000000   2.0
  0.729511772  0.944444444  0.000000000   2.0
  0.285067328  0.666666666  0.000000000   2.0
  0.062845106  0.333333333  0.000000000   2.0
  0.673956217  0.944444444  0.000000000   2.0
  0.340622883  0.611111111  0.000000000   2.0
  0.062845106  0.388888889  0.000000000   2.0
  0.618400661  0.944444444  0.000000000   2.0
  0.396178439  0.555555555  0.000000000   2.0
  0.062845106  0.444444444  0.000000000   2.0
  0.562845106  0.944444444  0.000000000   2.0
  0.451733994  0.500000000  0.000000000   2.0
  0.062845106  0.500000000  0.000000000   2.0
  0.507289550  0.944444444  0.000000000   2.0
  0.507289550  0.444444444  0.000000000   2.0
  0.062845106  0.555555556  0.000000000   2.0
  0.451733994  0.944444444  0.000000000   2.0
  0.562845106  0.388888888  0.000000000   2.0
  0.062845106  0.611111111  0.000000000   2.0
  0.396178439  0.944444444  0.000000000   2.0
  0.618400661  0.333333333  0.000000000   2.0
  0.062845106  0.666666667  0.000000000   2.0
  0.340622883  0.944444444  0.000000000   2.0
  0.673956217  0.277777777  0.000000000   2.0
  0.062845106  0.722222222  0.000000000   2.0
  0.285067328  0.944444444  0.000000000   2.0
  0.729511772  0.222222222  0.000000000   2.0
  0.062845106  0.777777778  0.000000000   2.0
  0.229511772  0.944444444  0.000000000   2.0
  0.785067328  0.166666666  0.000000000   2.0
  0.062845106  0.833333333  0.000000000   2.0
  0.173956217  0.944444444  0.000000000   2.0
  0.840622883  0.111111111  0.000000000   2.0
  0.118400661  0.111111111  0.000000000   2.0
  0.896178439  0.888888889  0.000000000   2.0
  0.118400661  0.777777778  0.000000000   2.0
  0.118400661  0.166666667  0.000000000   2.0
  0.840622883  0.888888889  0.000000000   2.0
  0.173956217  0.722222222  0.000000000   2.0
  0.118400661  0.222222222  0.000000000   2.0
  0.785067328  0.888888889  0.000000000   2.0
  0.229511772  0.666666667  0.000000000   2.0
  0.118400661  0.277777778  0.000000000   2.0
  0.729511772  0.888888889  0.000000000   2.0
  0.285067328  0.611111111  0.000000000   2.0
  0.118400661  0.333333333  0.000000000   2.0
  0.673956217  0.888888889  0.000000000   2.0
  0.340622883  0.555555556  0.000000000   2.0
  0.118400661  0.388888889  0.000000000   2.0
  0.618400661  0.888888889  0.000000000   2.0
  0.396178439  0.500000000  0.000000000   2.0
  0.118400661  0.444444444  0.000000000   2.0
  0.562845106  0.888888889  0.000000000   2.0
  0.451733994  0.444444445  0.000000000   2.0
  0.118400661  0.500000000  0.000000000   2.0
  0.507289550  0.888888889  0.000000000   2.0
  0.507289550  0.388888889  0.000000000   2.0
  0.118400661  0.555555556  0.000000000   2.0
  0.451733994  0.888888889  0.000000000   2.0
  0.562845106  0.333333333  0.000000000   2.0
  0.118400661  0.611111111  0.000000000   2.0
  0.396178439  0.888888889  0.000000000   2.0
  0.618400661  0.277777778  0.000000000   2.0
  0.118400661  0.666666667  0.000000000   2.0
  0.340622883  0.888888889  0.000000000   2.0
  0.673956217  0.222222222  0.000000000   2.0
  0.118400661  0.722222222  0.000000000   2.0
  0.285067328  0.888888889  0.000000000   2.0
  0.729511772  0.166666667  0.000000000   2.0
  0.173956217  0.166666667  0.000000000   2.0
  0.840622883  0.833333333  0.000000000   2.0
  0.173956217  0.666666666  0.000000000   2.0
  0.173956217  0.222222222  0.000000000   2.0
  0.785067328  0.833333333  0.000000000   2.0
  0.229511772  0.611111111  0.000000000   2.0
  0.173956217  0.277777778  0.000000000   2.0
  0.729511772  0.833333333  0.000000000   2.0
  0.285067328  0.555555555  0.000000000   2.0
  0.173956217  0.333333333  0.000000000   2.0
  0.673956217  0.833333333  0.000000000   2.0
  0.340622883  0.500000000  0.000000000   2.0
  0.173956217  0.388888889  0.000000000   2.0
  0.618400661  0.833333333  0.000000000   2.0
  0.396178439  0.444444444  0.000000000   2.0
  0.173956217  0.444444444  0.000000000   2.0
  0.562845106  0.833333333  0.000000000   2.0
  0.451733994  0.388888889  0.000000000   2.0
  0.173956217  0.500000000  0.000000000   2.0
  0.507289550  0.833333333  0.000000000   2.0
  0.507289550  0.333333333  0.000000000   2.0
  0.173956217  0.555555556  0.000000000   2.0
  0.451733994  0.833333333  0.000000000   2.0
  0.562845106  0.277777777  0.000000000   2.0
  0.173956217  0.611111111  0.000000000   2.0
  0.396178439  0.833333333  0.000000000   2.0
  0.618400661  0.222222222  0.000000000   2.0
  0.229511772  0.222222222  0.000000000   2.0
  0.785067328  0.777777778  0.000000000   2.0
  0.229511772  0.555555556  0.000000000   2.0
  0.229511772  0.277777778  0.000000000   2.0
  0.729511772  0.777777778  0.000000000   2.0
  0.285067328  0.500000000  0.000000000   2.0
  0.229511772  0.333333333  0.000000000   2.0
  0.673956217  0.777777778  0.000000000   2.0
  0.340622883  0.444444445  0.000000000   2.0
  0.229511772  0.388888889  0.000000000   2.0
  0.618400661  0.777777778  0.000000000   2.0
  0.396178439  0.388888889  0.000000000   2.0
  0.229511772  0.444444444  0.000000000   2.0
  0.562845106  0.777777778  0.000000000   2.0
  0.451733994  0.333333334  0.000000000   2.0
  0.229511772  0.500000000  0.000000000   2.0
  0.507289550  0.777777778  0.000000000   2.0
  0.507289550  0.277777778  0.000000000   2.0
  0.285067328  0.277777778  0.000000000   2.0
  0.729511772  0.722222222  0.000000000   2.0
  0.285067328  0.444444444  0.000000000   2.0
  0.285067328  0.333333333  0.000000000   2.0
  0.673956217  0.722222222  0.000000000   2.0
  0.340622883  0.388888889  0.000000000   2.0
  0.285067328  0.388888889  0.000000000   2.0
  0.618400661  0.722222222  0.000000000   2.0
  0.396178439  0.333333333  0.000000000   2.0
  0.340622883  0.333333333  0.000000000   2.0
  0.010496952  0.000000000  0.000000000   1.0
  0.010496952  0.055555556  0.000000000   2.0
  0.954941396  0.000000000  0.000000000   1.0
  0.010496952  0.111111111  0.000000000   2.0
  0.899385841 -0.000000000  0.000000000   1.0
  0.010496952  0.166666667  0.000000000   2.0
  0.843830285 -0.000000000  0.000000000   1.0
  0.010496952  0.222222222  0.000000000   2.0
  0.788274730 -0.000000000  0.000000000   1.0
  0.010496952  0.277777778  0.000000000   2.0
  0.732719174 -0.000000000  0.000000000   1.0
  0.010496952  0.333333333  0.000000000   2.0
  0.677163619 -0.000000000  0.000000000   1.0
  0.010496952  0.388888889  0.000000000   2.0
  0.621608063 -0.000000000  0.000000000   1.0
  0.010496952  0.444444444  0.000000000   2.0
  0.566052508  0.000000000  0.000000000   1.0
  0.010496952  0.500000000  0.000000000   2.0
  0.510496952 -0.000000000  0.000000000   1.0
  0.010496952  0.555555556  0.000000000   2.0
  0.454941396 -0.000000000  0.000000000   1.0
  0.010496952  0.611111111  0.000000000   2.0
  0.399385841 -0.000000000  0.000000000   1.0
  0.010496952  0.666666667  0.000000000   2.0
  0.343830285 -0.000000000  0.000000000   1.0
  0.010496952  0.722222222  0.000000000   2.0
  0.288274730 -0.000000000  0.000000000   1.0
  0.010496952  0.777777778  0.000000000   2.0
  0.232719174 -0.000000000  0.000000000   1.0
  0.010496952  0.833333333  0.000000000   2.0
  0.177163619 -0.000000000  0.000000000   1.0
  0.010496952  0.888888889  0.000000000   2.0
  0.121608063 -0.000000000  0.000000000   1.0
  0.010496952  0.944444444  0.000000000   2.0
  0.066052508 -0.000000000  0.000000000   1.0
  0.066052508  0.055555556  0.000000000   2.0
  0.954941396  0.944444444  0.000000000   2.0
  0.066052508  0.888888888  0.000000000   2.0
  0.066052508  0.111111111  0.000000000   2.0
  0.899385841  0.944444444  0.000000000   2.0
  0.121608063  0.833333333  0.000000000   2.0
  0.066052508  0.166666667  0.000000000   2.0
  0.843830285  0.944444444  0.000000000   2.0
  0.177163619  0.777777777  0.000000000   2.0
  0.066052508  0.222222222  0.000000000   2.0
  0.788274730  0.944444444  0.000000000   2.0
  0.232719174  0.722222222  0.000000000   2.0
  0.066052508  0.277777778  0.000000000   2.0
  0.732719174  0.944444444  0.000000000   2.0
  0.288274730  0.666666666  0.000000000   2.0
  0.066052508  0.333333333  0.000000000   2.0
  0.677163619  0.944444444  0.000000000   2.0
  0.343830285  0.611111111  0.000000000   2.0
  0.066052508  0.388888889  0.000000000   2.0
  0.621608063  0.944444444  0.000000000   2.0
  0.399385841  0.555555555  0.000000000   2.0
  0.066052508  0.444444444  0.000000000   2.0
  0.566052508  0.944444444  0.000000000   2.0
  0.454941396  0.500000000  0.000000000   2.0
  0.066052508  0.500000000  0.000000000   2.0
  0.510496952  0.944444444  0.000000000   2.0
  0.510496952  0.444444444  0.000000000   2.0
  0.066052508  0.555555556  0.000000000   2.0
  0.454941396  0.944444444  0.000000000   2.0
  0.566052508  0.388888888  0.000000000   2.0
  0.066052508  0.611111111  0.000000000   2.0
  0.399385841  0.944444444  0.000000000   2.0
  0.621608063  0.333333333  0.000000000   2.0
  0.066052508  0.666666667  0.000000000   2.0
  0.343830285  0.944444444  0.000000000   2.0
  0.677163619  0.277777777  0.000000000   2.0
  0.066052508  0.722222222  0.000000000   2.0
  0.288274730  0.944444444  0.000000000   2.0
  0.732719174  0.222222222  0.000000000   2.0
  0.066052508  0.777777778  0.000000000   2.0
  0.232719174  0.944444444  0.000000000   2.0
  0.788274730  0.166666666  0.000000000   2.0
  0.066052508  0.833333333  0.000000000   2.0
  0.177163619  0.944444444  0.000000000   2.0
  0.843830285  0.111111111  0.000000000   2.0
  0.121608063  0.111111111  0.000000000   2.0
  0.899385841  0.888888889  0.000000000   2.0
  0.121608063  0.777777778  0.000000000   2.0
  0.121608063  0.166666667  0.000000000   2.0
  0.843830285  0.888888889  0.000000000   2.0
  0.177163619  0.722222222  0.000000000   2.0
  0.121608063  0.222222222  0.000000000   2.0
  0.788274730  0.888888889  0.000000000   2.0
  0.232719174  0.666666667  0.000000000   2.0
  0.121608063  0.277777778  0.000000000   2.0
  0.732719174  0.888888889  0.000000000   2.0
  0.288274730  0.611111111  0.000000000   2.0
  0.121608063  0.333333333  0.000000000   2.0
  0.677163619  0.888888889  0.000000000   2.0
  0.343830285  0.555555556  0.000000000   2.0
  0.121608063  0.388888889  0.000000000   2.0
  0.621608063  0.888888889  0.000000000   2.0
  0.399385841  0.500000000  0.000000000   2.0
  0.121608063  0.444444444  0.000000000   2.0
  0.566052508  0.888888889  0.000000000   2.0
  0.454941396  0.444444445  0.000000000   2.0
  0.121608063  0.500000000  0.000000000   2.0
  0.510496952  0.888888889  0.000000000   2.0
  0.510496952  0.388888889  0.000000000   2.0
  0.121608063  0.555555556  0.000000000   2.0
  0.454941396  0.888888889  0.000000000   2.0
  0.566052508  0.333333333  0.000000000   2.0
  0.121608063  0.611111111  0.000000000   2.0
  0.399385841  0.888888889  0.000000000   2.0
  0.621608063  0.277777778  0.000000000   2.0
  0.121608063  0.666666667  0.000000000   2.0
  0.343830285  0.888888889  0.000000000   2.0
  0.677163619  0.222222222  0.000000000   2.0
  0.121608063  0.722222222  0.000000000   2.0
  0.288274730  0.888888889  0.000000000   2.0
  0.732719174  0.166666667  0.000000000   2.0
  0.177163619  0.166666667  0.000000000   2.0
  0.843830285  0.833333333  0.000000000   2.0
  0.177163619  0.666666666  0.000000000   2.0
  0.177163619  0.222222222  0.000000000   2.0
  0.788274730  0.833333333  0.000000000   2.0
  0.232719174  0.611111111  0.000000000   2.0
  0.177163619  0.277777778  0.000000000   2.0
  0.732719174  0.833333333  0.000000000   2.0
  0.288274730  0.555555555  0.000000000   2.0
  0.177163619  0.333333333  0.000000000   2.0
  0.677163619  0.833333333  0.000000000   2.0
  0.343830285  0.500000000  0.000000000   2.0
  0.177163619  0.388888889  0.000000000   2.0
  0.621608063  0.833333333  0.000000000   2.0
  0.399385841  0.444444444  0.000000000   2.0
  0.177163619  0.444444444  0.000000000   2.0
  0.566052508  0.833333333  0.000000000   2.0
  0.454941396  0.388888889  0.000000000   2.0
  0.177163619  0.500000000  0.000000000   2.0
  0.510496952  0.833333333  0.000000000   2.0
  0.510496952  0.333333333  0.000000000   2.0
  0.177163619  0.555555556  0.000000000   2.0
  0.454941396  0.833333333  0.000000000   2.0
  0.566052508  0.277777777  0.000000000   2.0
  0.177163619  0.611111111  0.000000000   2.0
  0.399385841  0.833333333  0.000000000   2.0
  0.621608063  0.222222222  0.000000000   2.0
  0.232719174  0.222222222  0.000000000   2.0
  0.788274730  0.777777778  0.000000000   2.0
  0.232719174  0.555555556  0.000000000   2.0
  0.232719174  0.277777778  0.000000000   2.0
  0.732719174  0.777777778  0.000000000   2.0
  0.288274730  0.500000000  0.000000000   2.0
  0.232719174  0.333333333  0.000000000   2.0
  0.677163619  0.777777778  0.000000000   2.0
  0.343830285  0.444444445  0.000000000   2.0
  0.232719174  0.388888889  0.000000000   2.0
  0.621608063  0.777777778  0.000000000   2.0
  0.399385841  0.388888889  0.000000000   2.0
  0.232719174  0.444444444  0.000000000   2.0
  0.566052508  0.777777778  0.000000000   2.0
  0.454941396  0.333333334  0.000000000   2.0
  0.232719174  0.500000000  0.000000000   2.0
  0.510496952  0.777777778  0.000000000   2.0
  0.510496952  0.277777778  0.000000000   2.0
  0.288274730  0.277777778  0.000000000   2.0
  0.732719174  0.722222222  0.000000000   2.0
  0.288274730  0.444444444  0.000000000   2.0
  0.288274730  0.333333333  0.000000000   2.0
  0.677163619  0.722222222  0.000000000   2.0
  0.343830285  0.388888889  0.000000000   2.0
  0.288274730  0.388888889  0.000000000   2.0
  0.621608063  0.722222222  0.000000000   2.0
  0.399385841  0.333333333  0.000000000   2.0
  0.343830285  0.333333333  0.000000000   2.0
  0.014287518  0.000000000  0.000000000   1.0
  0.014287518  0.055555556  0.000000000   2.0
  0.958731962  0.000000000  0.000000000   1.0
  0.014287518  0.111111111  0.000000000   2.0
  0.903176407 -0.000000000  0.000000000   1.0
  0.014287518  0.166666667  0.000000000   2.0
  0.847620851 -0.000000000  0.000000000   1.0
  0.014287518  0.222222222  0.000000000   2.0
  0.792065296 -0.000000000  0.000000000   1.0
  0.014287518  0.277777778  0.000000000   2.0
  0.736509740 -0.000000000  0.000000000   1.0
  0.014287518  0.333333333  0.000000000   2.0
  0.680954185 -0.000000000  0.000000000   1.0
  0.014287518  0.388888889  0.000000000   2.0
  0.625398629 -0.000000000  0.000000000   1.0
  0.014287518  0.444444444  0.000000000   2.0
  0.569843074  0.000000000  0.000000000   1.0
  0.014287518  0.500000000  0.000000000   2.0
  0.514287518 -0.000000000  0.000000000   1.0
  0.014287518  0.555555556  0.000000000   2.0
  0.458731962 -0.000000000  0.000000000   1.0
  0.014287518  0.611111111  0.000000000   2.0
  0.403176407 -0.000000000  0.000000000   1.0
  0.014287518  0.666666667  0.000000000   2.0
  0.347620851 -0.000000000  0.000000000   1.0
  0.014287518  0.722222222  0.000000000   2.0
  0.292065296 -0.000000000  0.000000000   1.0
  0.014287518  0.777777778  0.000000000   2.0
  0.236509740 -0.000000000  0.000000000   1.0
  0.014287518  0.833333333  0.000000000   2.0
  0.180954185 -0.000000000  0.000000000   1.0
  0.014287518  0.888888889  0.000000000   2.0
  0.125398629 -0.000000000  0.000000000   1.0
  0.014287518  0.944444444  0.000000000   2.0
  0.069843074 -0.000000000  0.000000000   1.0
  0.069843074  0.055555556  0.000000000   2.0
  0.958731962  0.944444444  0.000000000   2.0
  0.069843074  0.888888888  0.000000000   2.0
  0.069843074  0.111111111  0.000000000   2.0
  0.903176407  0.944444444  0.000000000   2.0
  0.125398629  0.833333333  0.000000000   2.0
  0.069843074  0.166666667  0.000000000   2.0
  0.847620851  0.944444444  0.000000000   2.0
  0.180954185  0.777777777  0.000000000   2.0
  0.069843074  0.222222222  0.000000000   2.0
  0.792065296  0.944444444  0.000000000   2.0
  0.236509740  0.722222222  0.000000000   2.0
  0.069843074  0.277777778  0.000000000   2.0
  0.736509740  0.944444444  0.000000000   2.0
  0.292065296  0.666666666  0.000000000   2.0
  0.069843074  0.333333333  0.000000000   2.0
  0.680954185  0.944444444  0.000000000   2.0
  0.347620851  0.611111111  0.000000000   2.0
  0.069843074  0.388888889  0.000000000   2.0
  0.625398629  0.944444444  0.000000000   2.0
  0.403176407  0.555555555  0.000000000   2.0
  0.069843074  0.444444444  0.000000000   2.0
  0.569843074  0.944444444  0.000000000   2.0
  0.458731962  0.500000000  0.000000000   2.0
  0.069843074  0.500000000  0.000000000   2.0
  0.514287518  0.944444444  0.000000000   2.0
  0.514287518  0.444444444  0.000000000   2.0
  0.069843074  0.555555556  0.000000000   2.0
  0.458731962  0.944444444  0.000000000   2.0
  0.569843074  0.388888888  0.000000000   2.0
  0.069843074  0.611111111  0.000000000   2.0
  0.403176407  0.944444444  0.000000000   2.0
  0.625398629  0.333333333  0.000000000   2.0
  0.069843074  0.666666667  0.000000000   2.0
  0.347620851  0.944444444  0.000000000   2.0
  0.680954185  0.277777777  0.000000000   2.0
  0.069843074  0.722222222  0.000000000   2.0
  0.292065296  0.944444444  0.000000000   2.0
  0.736509740  0.222222222  0.000000000   2.0
  0.069843074  0.777777778  0.000000000   2.0
  0.236509740  0.944444444  0.000000000   2.0
  0.792065296  0.166666666  0.000000000   2.0
  0.069843074  0.833333333  0.000000000   2.0
  0.180954185  0.944444444  0.000000000   2.0
  0.847620851  0.111111111  0.000000000   2.0
  0.125398629  0.111111111  0.000000000   2.0
  0.903176407  0.888888889  0.000000000   2.0
  0.125398629  0.777777778  0.000000000   2.0
  0.125398629  0.166666667  0.000000000   2.0
  0.847620851  0.888888889  0.000000000   2.0
  0.180954185  0.722222222  0.000000000   2.0
  0.125398629  0.222222222  0.000000000   2.0
  0.792065296  0.888888889  0.000000000   2.0
  0.236509740  0.666666667  0.000000000   2.0
  0.125398629  0.277777778  0.000000000   2.0
  0.736509740  0.888888889  0.000000000   2.0
  0.292065296  0.611111111  0.000000000   2.0
  0.125398629  0.333333333  0.000000000   2.0
  0.680954185  0.888888889  0.000000000   2.0
  0.347620851  0.555555556  0.000000000   2.0
  0.125398629  0.388888889  0.000000000   2.0
  0.625398629  0.888888889  0.000000000   2.0
  0.403176407  0.500000000  0.000000000   2.0
  0.125398629  0.444444444  0.000000000   2.0
  0.569843074  0.888888889  0.000000000   2.0
  0.458731962  0.444444445  0.000000000   2.0
  0.125398629  0.500000000  0.000000000   2.0
  0.514287518  0.888888889  0.000000000   2.0
  0.514287518  0.388888889  0.000000000   2.0
  0.125398629  0.555555556  0.000000000   2.0
  0.458731962  0.888888889  0.000000000   2.0
  0.569843074  0.333333333  0.000000000   2.0
  0.125398629  0.611111111  0.000000000   2.0
  0.403176407  0.888888889  0.000000000   2.0
  0.625398629  0.277777778  0.000000000   2.0
  0.125398629  0.666666667  0.000000000   2.0
  0.347620851  0.888888889  0.000000000   2.0
  0.680954185  0.222222222  0.000000000   2.0
  0.125398629  0.722222222  0.000000000   2.0
  0.292065296  0.888888889  0.000000000   2.0
  0.736509740  0.166666667  0.000000000   2.0
  0.180954185  0.166666667  0.000000000   2.0
  0.847620851  0.833333333  0.000000000   2.0
  0.180954185  0.666666666  0.000000000   2.0
  0.180954185  0.222222222  0.000000000   2.0
  0.792065296  0.833333333  0.000000000   2.0
  0.236509740  0.611111111  0.000000000   2.0
  0.180954185  0.277777778  0.000000000   2.0
  0.736509740  0.833333333  0.000000000   2.0
  0.292065296  0.555555555  0.000000000   2.0
  0.180954185  0.333333333  0.000000000   2.0
  0.680954185  0.833333333  0.000000000   2.0
  0.347620851  0.500000000  0.000000000   2.0
  0.180954185  0.388888889  0.000000000   2.0
  0.625398629  0.833333333  0.000000000   2.0
  0.403176407  0.444444444  0.000000000   2.0
  0.180954185  0.444444444  0.000000000   2.0
  0.569843074  0.833333333  0.000000000   2.0
  0.458731962  0.388888889  0.000000000   2.0
  0.180954185  0.500000000  0.000000000   2.0
  0.514287518  0.833333333  0.000000000   2.0
  0.514287518  0.333333333  0.000000000   2.0
  0.180954185  0.555555556  0.000000000   2.0
  0.458731962  0.833333333  0.000000000   2.0
  0.569843074  0.277777777  0.000000000   2.0
  0.180954185  0.611111111  0.000000000   2.0
  0.403176407  0.833333333  0.000000000   2.0
  0.625398629  0.222222222  0.000000000   2.0
  0.236509740  0.222222222  0.000000000   2.0
  0.792065296  0.777777778  0.000000000   2.0
  0.236509740  0.555555556  0.000000000   2.0
  0.236509740  0.277777778  0.000000000   2.0
  0.736509740  0.777777778  0.000000000   2.0
  0.292065296  0.500000000  0.000000000   2.0
  0.236509740  0.333333333  0.000000000   2.0
  0.680954185  0.777777778  0.000000000   2.0
  0.347620851  0.444444445  0.000000000   2.0
  0.236509740  0.388888889  0.000000000   2.0
  0.625398629  0.777777778  0.000000000   2.0
  0.403176407  0.388888889  0.000000000   2.0
  0.236509740  0.444444444  0.000000000   2.0
  0.569843074  0.777777778  0.000000000   2.0
  0.458731962  0.333333334  0.000000000   2.0
  0.236509740  0.500000000  0.000000000   2.0
  0.514287518  0.777777778  0.000000000   2.0
  0.514287518  0.277777778  0.000000000   2.0
  0.292065296  0.277777778  0.000000000   2.0
  0.736509740  0.722222222  0.000000000   2.0
  0.292065296  0.444444444  0.000000000   2.0
  0.292065296  0.333333333  0.000000000   2.0
  0.680954185  0.722222222  0.000000000   2.0
  0.347620851  0.388888889  0.000000000   2.0
  0.292065296  0.388888889  0.000000000   2.0
  0.625398629  0.722222222  0.000000000   2.0
  0.403176407  0.333333333  0.000000000   2.0
  0.347620851  0.333333333  0.000000000   2.0
  0.018661248  0.000000000  0.000000000   1.0
  0.018661248  0.055555556  0.000000000   2.0
  0.963105692  0.000000000  0.000000000   1.0
  0.018661248  0.111111111  0.000000000   2.0
  0.907550137 -0.000000000  0.000000000   1.0
  0.018661248  0.166666667  0.000000000   2.0
  0.851994581 -0.000000000  0.000000000   1.0
  0.018661248  0.222222222  0.000000000   2.0
  0.796439026 -0.000000000  0.000000000   1.0
  0.018661248  0.277777778  0.000000000   2.0
  0.740883470 -0.000000000  0.000000000   1.0
  0.018661248  0.333333333  0.000000000   2.0
  0.685327915 -0.000000000  0.000000000   1.0
  0.018661248  0.388888889  0.000000000   2.0
  0.629772359 -0.000000000  0.000000000   1.0
  0.018661248  0.444444444  0.000000000   2.0
  0.574216804  0.000000000  0.000000000   1.0
  0.018661248  0.500000000  0.000000000   2.0
  0.518661248 -0.000000000  0.000000000   1.0
  0.018661248  0.555555556  0.000000000   2.0
  0.463105692 -0.000000000  0.000000000   1.0
  0.018661248  0.611111111  0.000000000   2.0
  0.407550137 -0.000000000  0.000000000   1.0
  0.018661248  0.666666667  0.000000000   2.0
  0.351994581 -0.000000000  0.000000000   1.0
  0.018661248  0.722222222  0.000000000   2.0
  0.296439026 -0.000000000  0.000000000   1.0
  0.018661248  0.777777778  0.000000000   2.0
  0.240883470 -0.000000000  0.000000000   1.0
  0.018661248  0.833333333  0.000000000   2.0
  0.185327915 -0.000000000  0.000000000   1.0
  0.018661248  0.888888889  0.000000000   2.0
  0.129772359 -0.000000000  0.000000000   1.0
  0.018661248  0.944444444  0.000000000   2.0
  0.074216804 -0.000000000  0.000000000   1.0
  0.074216804  0.055555556  0.000000000   2.0
  0.963105692  0.944444444  0.000000000   2.0
  0.074216804  0.888888888  0.000000000   2.0
  0.074216804  0.111111111  0.000000000   2.0
  0.907550137  0.944444444  0.000000000   2.0
  0.129772359  0.833333333  0.000000000   2.0
  0.074216804  0.166666667  0.000000000   2.0
  0.851994581  0.944444444  0.000000000   2.0
  0.185327915  0.777777777  0.000000000   2.0
  0.074216804  0.222222222  0.000000000   2.0
  0.796439026  0.944444444  0.000000000   2.0
  0.240883470  0.722222222  0.000000000   2.0
  0.074216804  0.277777778  0.000000000   2.0
  0.740883470  0.944444444  0.000000000   2.0
  0.296439026  0.666666666  0.000000000   2.0
  0.074216804  0.333333333  0.000000000   2.0
  0.685327915  0.944444444  0.000000000   2.0
  0.351994581  0.611111111  0.000000000   2.0
  0.074216804  0.388888889  0.000000000   2.0
  0.629772359  0.944444444  0.000000000   2.0
  0.407550137  0.555555555  0.000000000   2.0
  0.074216804  0.444444444  0.000000000   2.0
  0.574216804  0.944444444  0.000000000   2.0
  0.463105692  0.500000000  0.000000000   2.0
  0.074216804  0.500000000  0.000000000   2.0
  0.518661248  0.944444444  0.000000000   2.0
  0.518661248  0.444444444  0.000000000   2.0
  0.074216804  0.555555556  0.000000000   2.0
  0.463105692  0.944444444  0.000000000   2.0
  0.574216804  0.388888888  0.000000000   2.0
  0.074216804  0.611111111  0.000000000   2.0
  0.407550137  0.944444444  0.000000000   2.0
  0.629772359  0.333333333  0.000000000   2.0
  0.074216804  0.666666667  0.000000000   2.0
  0.351994581  0.944444444  0.000000000   2.0
  0.685327915  0.277777777  0.000000000   2.0
  0.074216804  0.722222222  0.000000000   2.0
  0.296439026  0.944444444  0.000000000   2.0
  0.740883470  0.222222222  0.000000000   2.0
  0.074216804  0.777777778  0.000000000   2.0
  0.240883470  0.944444444  0.000000000   2.0
  0.796439026  0.166666666  0.000000000   2.0
  0.074216804  0.833333333  0.000000000   2.0
  0.185327915  0.944444444  0.000000000   2.0
  0.851994581  0.111111111  0.000000000   2.0
  0.129772359  0.111111111  0.000000000   2.0
  0.907550137  0.888888889  0.000000000   2.0
  0.129772359  0.777777778  0.000000000   2.0
  0.129772359  0.166666667  0.000000000   2.0
  0.851994581  0.888888889  0.000000000   2.0
  0.185327915  0.722222222  0.000000000   2.0
  0.129772359  0.222222222  0.000000000   2.0
  0.796439026  0.888888889  0.000000000   2.0
  0.240883470  0.666666667  0.000000000   2.0
  0.129772359  0.277777778  0.000000000   2.0
  0.740883470  0.888888889  0.000000000   2.0
  0.296439026  0.611111111  0.000000000   2.0
  0.129772359  0.333333333  0.000000000   2.0
  0.685327915  0.888888889  0.000000000   2.0
  0.351994581  0.555555556  0.000000000   2.0
  0.129772359  0.388888889  0.000000000   2.0
  0.629772359  0.888888889  0.000000000   2.0
  0.407550137  0.500000000  0.000000000   2.0
  0.129772359  0.444444444  0.000000000   2.0
  0.574216804  0.888888889  0.000000000   2.0
  0.463105692  0.444444445  0.000000000   2.0
  0.129772359  0.500000000  0.000000000   2.0
  0.518661248  0.888888889  0.000000000   2.0
  0.518661248  0.388888889  0.000000000   2.0
  0.129772359  0.555555556  0.000000000   2.0
  0.463105692  0.888888889  0.000000000   2.0
  0.574216804  0.333333333  0.000000000   2.0
  0.129772359  0.611111111  0.000000000   2.0
  0.407550137  0.888888889  0.000000000   2.0
  0.629772359  0.277777778  0.000000000   2.0
  0.129772359  0.666666667  0.000000000   2.0
  0.351994581  0.888888889  0.000000000   2.0
  0.685327915  0.222222222  0.000000000   2.0
  0.129772359  0.722222222  0.000000000   2.0
  0.296439026  0.888888889  0.000000000   2.0
  0.740883470  0.166666667  0.000000000   2.0
  0.185327915  0.166666667  0.000000000   2.0
  0.851994581  0.833333333  0.000000000   2.0
  0.185327915  0.666666666  0.000000000   2.0
  0.185327915  0.222222222  0.000000000   2.0
  0.796439026  0.833333333  0.000000000   2.0
  0.240883470  0.611111111  0.000000000   2.0
  0.185327915  0.277777778  0.000000000   2.0
  0.740883470  0.833333333  0.000000000   2.0
  0.296439026  0.555555555  0.000000000   2.0
  0.185327915  0.333333333  0.000000000   2.0
  0.685327915  0.833333333  0.000000000   2.0
  0.351994581  0.500000000  0.000000000   2.0
  0.185327915  0.388888889  0.000000000   2.0
  0.629772359  0.833333333  0.000000000   2.0
  0.407550137  0.444444444  0.000000000   2.0
  0.185327915  0.444444444  0.000000000   2.0
  0.574216804  0.833333333  0.000000000   2.0
  0.463105692  0.388888889  0.000000000   2.0
  0.185327915  0.500000000  0.000000000   2.0
  0.518661248  0.833333333  0.000000000   2.0
  0.518661248  0.333333333  0.000000000   2.0
  0.185327915  0.555555556  0.000000000   2.0
  0.463105692  0.833333333  0.000000000   2.0
  0.574216804  0.277777777  0.000000000   2.0
  0.185327915  0.611111111  0.000000000   2.0
  0.407550137  0.833333333  0.000000000   2.0
  0.629772359  0.222222222  0.000000000   2.0
  0.240883470  0.222222222  0.000000000   2.0
  0.796439026  0.777777778  0.000000000   2.0
  0.240883470  0.555555556  0.000000000   2.0
  0.240883470  0.277777778  0.000000000   2.0
  0.740883470  0.777777778  0.000000000   2.0
  0.296439026  0.500000000  0.000000000   2.0
  0.240883470  0.333333333  0.000000000   2.0
  0.685327915  0.777777778  0.000000000   2.0
  0.351994581  0.444444445  0.000000000   2.0
  0.240883470  0.388888889  0.000000000   2.0
  0.629772359  0.777777778  0.000000000   2.0
  0.407550137  0.388888889  0.000000000   2.0
  0.240883470  0.444444444  0.000000000   2.0
  0.574216804  0.777777778  0.000000000   2.0
  0.463105692  0.333333334  0.000000000   2.0
  0.240883470  0.500000000  0.000000000   2.0
  0.518661248  0.777777778  0.000000000   2.0
  0.518661248  0.277777778  0.000000000   2.0
  0.296439026  0.277777778  0.000000000   2.0
  0.740883470  0.722222222  0.000000000   2.0
  0.296439026  0.444444444  0.000000000   2.0
  0.296439026  0.333333333  0.000000000   2.0
  0.685327915  0.722222222  0.000000000   2.0
  0.351994581  0.388888889  0.000000000   2.0
  0.296439026  0.388888889  0.000000000   2.0
  0.629772359  0.722222222  0.000000000   2.0
  0.407550137  0.333333333  0.000000000   2.0
  0.351994581  0.333333333  0.000000000   2.0
  0.023618142  0.000000000  0.000000000   1.0
  0.023618142  0.055555556  0.000000000   2.0
  0.968062586  0.000000000  0.000000000   1.0
  0.023618142  0.111111111  0.000000000   2.0
  0.912507031 -0.000000000  0.000000000   1.0
  0.023618142  0.166666667  0.000000000   2.0
  0.856951475 -0.000000000  0.000000000   1.0
  0.023618142  0.222222222  0.000000000   2.0
  0.801395920 -0.000000000  0.000000000   1.0
  0.023618142  0.277777778  0.000000000   2.0
  0.745840364 -0.000000000  0.000000000   1.0
  0.023618142  0.333333333  0.000000000   2.0
  0.690284809 -0.000000000  0.000000000   1.0
  0.023618142  0.388888889  0.000000000   2.0
  0.634729253 -0.000000000  0.000000000   1.0
  0.023618142  0.444444444  0.000000000   2.0
  0.579173698  0.000000000  0.000000000   1.0
  0.023618142  0.500000000  0.000000000   2.0
  0.523618142 -0.000000000  0.000000000   1.0
  0.023618142  0.555555556  0.000000000   2.0
  0.468062586 -0.000000000  0.000000000   1.0
  0.023618142  0.611111111  0.000000000   2.0
  0.412507031 -0.000000000  0.000000000   1.0
  0.023618142  0.666666667  0.000000000   2.0
  0.356951475 -0.000000000  0.000000000   1.0
  0.023618142  0.722222222  0.000000000   2.0
  0.301395920 -0.000000000  0.000000000   1.0
  0.023618142  0.777777778  0.000000000   2.0
  0.245840364 -0.000000000  0.000000000   1.0
  0.023618142  0.833333333  0.000000000   2.0
  0.190284809 -0.000000000  0.000000000   1.0
  0.023618142  0.888888889  0.000000000   2.0
  0.134729253 -0.000000000  0.000000000   1.0
  0.023618142  0.944444444  0.000000000   2.0
  0.079173698 -0.000000000  0.000000000   1.0
  0.079173698  0.055555556  0.000000000   2.0
  0.968062586  0.944444444  0.000000000   2.0
  0.079173698  0.888888888  0.000000000   2.0
  0.079173698  0.111111111  0.000000000   2.0
  0.912507031  0.944444444  0.000000000   2.0
  0.134729253  0.833333333  0.000000000   2.0
  0.079173698  0.166666667  0.000000000   2.0
  0.856951475  0.944444444  0.000000000   2.0
  0.190284809  0.777777777  0.000000000   2.0
  0.079173698  0.222222222  0.000000000   2.0
  0.801395920  0.944444444  0.000000000   2.0
  0.245840364  0.722222222  0.000000000   2.0
  0.079173698  0.277777778  0.000000000   2.0
  0.745840364  0.944444444  0.000000000   2.0
  0.301395920  0.666666666  0.000000000   2.0
  0.079173698  0.333333333  0.000000000   2.0
  0.690284809  0.944444444  0.000000000   2.0
  0.356951475  0.611111111  0.000000000   2.0
  0.079173698  0.388888889  0.000000000   2.0
  0.634729253  0.944444444  0.000000000   2.0
  0.412507031  0.555555555  0.000000000   2.0
  0.079173698  0.444444444  0.000000000   2.0
  0.579173698  0.944444444  0.000000000   2.0
  0.468062586  0.500000000  0.000000000   2.0
  0.079173698  0.500000000  0.000000000   2.0
  0.523618142  0.944444444  0.000000000   2.0
  0.523618142  0.444444444  0.000000000   2.0
  0.079173698  0.555555556  0.000000000   2.0
  0.468062586  0.944444444  0.000000000   2.0
  0.579173698  0.388888888  0.000000000   2.0
  0.079173698  0.611111111  0.000000000   2.0
  0.412507031  0.944444444  0.000000000   2.0
  0.634729253  0.333333333  0.000000000   2.0
  0.079173698  0.666666667  0.000000000   2.0
  0.356951475  0.944444444  0.000000000   2.0
  0.690284809  0.277777777  0.000000000   2.0
  0.079173698  0.722222222  0.000000000   2.0
  0.301395920  0.944444444  0.000000000   2.0
  0.745840364  0.222222222  0.000000000   2.0
  0.079173698  0.777777778  0.000000000   2.0
  0.245840364  0.944444444  0.000000000   2.0
  0.801395920  0.166666666  0.000000000   2.0
  0.079173698  0.833333333  0.000000000   2.0
  0.190284809  0.944444444  0.000000000   2.0
  0.856951475  0.111111111  0.000000000   2.0
  0.134729253  0.111111111  0.000000000   2.0
  0.912507031  0.888888889  0.000000000   2.0
  0.134729253  0.777777778  0.000000000   2.0
  0.134729253  0.166666667  0.000000000   2.0
  0.856951475  0.888888889  0.000000000   2.0
  0.190284809  0.722222222  0.000000000   2.0
  0.134729253  0.222222222  0.000000000   2.0
  0.801395920  0.888888889  0.000000000   2.0
  0.245840364  0.666666667  0.000000000   2.0
  0.134729253  0.277777778  0.000000000   2.0
  0.745840364  0.888888889  0.000000000   2.0
  0.301395920  0.611111111  0.000000000   2.0
  0.134729253  0.333333333  0.000000000   2.0
  0.690284809  0.888888889  0.000000000   2.0
  0.356951475  0.555555556  0.000000000   2.0
  0.134729253  0.388888889  0.000000000   2.0
  0.634729253  0.888888889  0.000000000   2.0
  0.412507031  0.500000000  0.000000000   2.0
  0.134729253  0.444444444  0.000000000   2.0
  0.579173698  0.888888889  0.000000000   2.0
  0.468062586  0.444444445  0.000000000   2.0
  0.134729253  0.500000000  0.000000000   2.0
  0.523618142  0.888888889  0.000000000   2.0
  0.523618142  0.388888889  0.000000000   2.0
  0.134729253  0.555555556  0.000000000   2.0
  0.468062586  0.888888889  0.000000000   2.0
  0.579173698  0.333333333  0.000000000   2.0
  0.134729253  0.611111111  0.000000000   2.0
  0.412507031  0.888888889  0.000000000   2.0
  0.634729253  0.277777778  0.000000000   2.0
  0.134729253  0.666666667  0.000000000   2.0
  0.356951475  0.888888889  0.000000000   2.0
  0.690284809  0.222222222  0.000000000   2.0
  0.134729253  0.722222222  0.000000000   2.0
  0.301395920  0.888888889  0.000000000   2.0
  0.745840364  0.166666667  0.000000000   2.0
  0.190284809  0.166666667  0.000000000   2.0
  0.856951475  0.833333333  0.000000000   2.0
  0.190284809  0.666666666  0.000000000   2.0
  0.190284809  0.222222222  0.000000000   2.0
  0.801395920  0.833333333  0.000000000   2.0
  0.245840364  0.611111111  0.000000000   2.0
  0.190284809  0.277777778  0.000000000   2.0
  0.745840364  0.833333333  0.000000000   2.0
  0.301395920  0.555555555  0.000000000   2.0
  0.190284809  0.333333333  0.000000000   2.0
  0.690284809  0.833333333  0.000000000   2.0
  0.356951475  0.500000000  0.000000000   2.0
  0.190284809  0.388888889  0.000000000   2.0
  0.634729253  0.833333333  0.000000000   2.0
  0.412507031  0.444444444  0.000000000   2.0
  0.190284809  0.444444444  0.000000000   2.0
  0.579173698  0.833333333  0.000000000   2.0
  0.468062586  0.388888889  0.000000000   2.0
  0.190284809  0.500000000  0.000000000   2.0
  0.523618142  0.833333333  0.000000000   2.0
  0.523618142  0.333333333  0.000000000   2.0
  0.190284809  0.555555556  0.000000000   2.0
  0.468062586  0.833333333  0.000000000   2.0
  0.579173698  0.277777777  0.000000000   2.0
  0.190284809  0.611111111  0.000000000   2.0
  0.412507031  0.833333333  0.000000000   2.0
  0.634729253  0.222222222  0.000000000   2.0
  0.245840364  0.222222222  0.000000000   2.0
  0.801395920  0.777777778  0.000000000   2.0
  0.245840364  0.555555556  0.000000000   2.0
  0.245840364  0.277777778  0.000000000   2.0
  0.745840364  0.777777778  0.000000000   2.0
  0.301395920  0.500000000  0.000000000   2.0
  0.245840364  0.333333333  0.000000000   2.0
  0.690284809  0.777777778  0.000000000   2.0
  0.356951475  0.444444445  0.000000000   2.0
  0.245840364  0.388888889  0.000000000   2.0
  0.634729253  0.777777778  0.000000000   2.0
  0.412507031  0.388888889  0.000000000   2.0
  0.245840364  0.444444444  0.000000000   2.0
  0.579173698  0.777777778  0.000000000   2.0
  0.468062586  0.333333334  0.000000000   2.0
  0.245840364  0.500000000  0.000000000   2.0
  0.523618142  0.777777778  0.000000000   2.0
  0.523618142  0.277777778  0.000000000   2.0
  0.301395920  0.277777778  0.000000000   2.0
  0.745840364  0.722222222  0.000000000   2.0
  0.301395920  0.444444444  0.000000000   2.0
  0.301395920  0.333333333  0.000000000   2.0
  0.690284809  0.722222222  0.000000000   2.0
  0.356951475  0.388888889  0.000000000   2.0
  0.301395920  0.388888889  0.000000000   2.0
  0.634729253  0.722222222  0.000000000   2.0
  0.412507031  0.333333333  0.000000000   2.0
  0.356951475  0.333333333  0.000000000   2.0
  0.029158200  0.000000000  0.000000000   1.0
  0.029158200  0.055555556  0.000000000   2.0
  0.973602644  0.000000000  0.000000000   1.0
  0.029158200  0.111111111  0.000000000   2.0
  0.918047089 -0.000000000  0.000000000   1.0
  0.029158200  0.166666667  0.000000000   2.0
  0.862491533 -0.000000000  0.000000000   1.0
  0.029158200  0.222222222  0.000000000   2.0
  0.806935978 -0.000000000  0.000000000   1.0
  0.029158200  0.277777778  0.000000000   2.0
  0.751380422 -0.000000000  0.000000000   1.0
  0.029158200  0.333333333  0.000000000   2.0
  0.695824867 -0.000000000  0.000000000   1.0
  0.029158200  0.388888889  0.000000000   2.0
  0.640269311 -0.000000000  0.000000000   1.0
  0.029158200  0.444444444  0.000000000   2.0
  0.584713756  0.000000000  0.000000000   1.0
  0.029158200  0.500000000  0.000000000   2.0
  0.529158200 -0.000000000  0.000000000   1.0
  0.029158200  0.555555556  0.000000000   2.0
  0.473602644 -0.000000000  0.000000000   1.0
  0.029158200  0.611111111  0.000000000   2.0
  0.418047089 -0.000000000  0.000000000   1.0
  0.029158200  0.666666667  0.000000000   2.0
  0.362491533 -0.000000000  0.000000000   1.0
  0.029158200  0.722222222  0.000000000   2.0
  0.306935978 -0.000000000  0.000000000   1.0
  0.029158200  0.777777778  0.000000000   2.0
  0.251380422 -0.000000000  0.000000000   1.0
  0.029158200  0.833333333  0.000000000   2.0
  0.195824867 -0.000000000  0.000000000   1.0
  0.029158200  0.888888889  0.000000000   2.0
  0.140269311 -0.000000000  0.000000000   1.0
  0.029158200  0.944444444  0.000000000   2.0
  0.084713756 -0.000000000  0.000000000   1.0
  0.084713756  0.055555556  0.000000000   2.0
  0.973602644  0.944444444  0.000000000   2.0
  0.084713756  0.888888888  0.000000000   2.0
  0.084713756  0.111111111  0.000000000   2.0
  0.918047089  0.944444444  0.000000000   2.0
  0.140269311  0.833333333  0.000000000   2.0
  0.084713756  0.166666667  0.000000000   2.0
  0.862491533  0.944444444  0.000000000   2.0
  0.195824867  0.777777777  0.000000000   2.0
  0.084713756  0.222222222  0.000000000   2.0
  0.806935978  0.944444444  0.000000000   2.0
  0.251380422  0.722222222  0.000000000   2.0
  0.084713756  0.277777778  0.000000000   2.0
  0.751380422  0.944444444  0.000000000   2.0
  0.306935978  0.666666666  0.000000000   2.0
  0.084713756  0.333333333  0.000000000   2.0
  0.695824867  0.944444444  0.000000000   2.0
  0.362491533  0.611111111  0.000000000   2.0
  0.084713756  0.388888889  0.000000000   2.0
  0.640269311  0.944444444  0.000000000   2.0
  0.418047089  0.555555555  0.000000000   2.0
  0.084713756  0.444444444  0.000000000   2.0
  0.584713756  0.944444444  0.000000000   2.0
  0.473602644  0.500000000  0.000000000   2.0
  0.084713756  0.500000000  0.000000000   2.0
  0.529158200  0.944444444  0.000000000   2.0
  0.529158200  0.444444444  0.000000000   2.0
  0.084713756  0.555555556  0.000000000   2.0
  0.473602644  0.944444444  0.000000000   2.0
  0.584713756  0.388888888  0.000000000   2.0
  0.084713756  0.611111111  0.000000000   2.0
  0.418047089  0.944444444  0.000000000   2.0
  0.640269311  0.333333333  0.000000000   2.0
  0.084713756  0.666666667  0.000000000   2.0
  0.362491533  0.944444444  0.000000000   2.0
  0.695824867  0.277777777  0.000000000   2.0
  0.084713756  0.722222222  0.000000000   2.0
  0.306935978  0.944444444  0.000000000   2.0
  0.751380422  0.222222222  0.000000000   2.0
  0.084713756  0.777777778  0.000000000   2.0
  0.251380422  0.944444444  0.000000000   2.0
  0.806935978  0.166666666  0.000000000   2.0
  0.084713756  0.833333333  0.000000000   2.0
  0.195824867  0.944444444  0.000000000   2.0
  0.862491533  0.111111111  0.000000000   2.0
  0.140269311  0.111111111  0.000000000   2.0
  0.918047089  0.888888889  0.000000000   2.0
  0.140269311  0.777777778  0.000000000   2.0
  0.140269311  0.166666667  0.000000000   2.0
  0.862491533  0.888888889  0.000000000   2.0
  0.195824867  0.722222222  0.000000000   2.0
  0.140269311  0.222222222  0.000000000   2.0
  0.806935978  0.888888889  0.000000000   2.0
  0.251380422  0.666666667  0.000000000   2.0
  0.140269311  0.277777778  0.000000000   2.0
  0.751380422  0.888888889  0.000000000   2.0
  0.306935978  0.611111111  0.000000000   2.0
  0.140269311  0.333333333  0.000000000   2.0
  0.695824867  0.888888889  0.000000000   2.0
  0.362491533  0.555555556  0.000000000   2.0
  0.140269311  0.388888889  0.000000000   2.0
  0.640269311  0.888888889  0.000000000   2.0
  0.418047089  0.500000000  0.000000000   2.0
  0.140269311  0.444444444  0.000000000   2.0
  0.584713756  0.888888889  0.000000000   2.0
  0.473602644  0.444444445  0.000000000   2.0
  0.140269311  0.500000000  0.000000000   2.0
  0.529158200  0.888888889  0.000000000   2.0
  0.529158200  0.388888889  0.000000000   2.0
  0.140269311  0.555555556  0.000000000   2.0
  0.473602644  0.888888889  0.000000000   2.0
  0.584713756  0.333333333  0.000000000   2.0
  0.140269311  0.611111111  0.000000000   2.0
  0.418047089  0.888888889  0.000000000   2.0
  0.640269311  0.277777778  0.000000000   2.0
  0.140269311  0.666666667  0.000000000   2.0
  0.362491533  0.888888889  0.000000000   2.0
  0.695824867  0.222222222  0.000000000   2.0
  0.140269311  0.722222222  0.000000000   2.0
  0.306935978  0.888888889  0.000000000   2.0
  0.751380422  0.166666667  0.000000000   2.0
  0.195824867  0.166666667  0.000000000   2.0
  0.862491533  0.833333333  0.000000000   2.0
  0.195824867  0.666666666  0.000000000   2.0
  0.195824867  0.222222222  0.000000000   2.0
  0.806935978  0.833333333  0.000000000   2.0
  0.251380422  0.611111111  0.000000000   2.0
  0.195824867  0.277777778  0.000000000   2.0
  0.751380422  0.833333333  0.000000000   2.0
  0.306935978  0.555555555  0.000000000   2.0
  0.195824867  0.333333333  0.000000000   2.0
  0.695824867  0.833333333  0.000000000   2.0
  0.362491533  0.500000000  0.000000000   2.0
  0.195824867  0.388888889  0.000000000   2.0
  0.640269311  0.833333333  0.000000000   2.0
  0.418047089  0.444444444  0.000000000   2.0
  0.195824867  0.444444444  0.000000000   2.0
  0.584713756  0.833333333  0.000000000   2.0
  0.473602644  0.388888889  0.000000000   2.0
  0.195824867  0.500000000  0.000000000   2.0
  0.529158200  0.833333333  0.000000000   2.0
  0.529158200  0.333333333  0.000000000   2.0
  0.195824867  0.555555556  0.000000000   2.0
  0.473602644  0.833333333  0.000000000   2.0
  0.584713756  0.277777777  0.000000000   2.0
  0.195824867  0.611111111  0.000000000   2.0
  0.418047089  0.833333333  0.000000000   2.0
  0.640269311  0.222222222  0.000000000   2.0
  0.251380422  0.222222222  0.000000000   2.0
  0.806935978  0.777777778  0.000000000   2.0
  0.251380422  0.555555556  0.000000000   2.0
  0.251380422  0.277777778  0.000000000   2.0
  0.751380422  0.777777778  0.000000000   2.0
  0.306935978  0.500000000  0.000000000   2.0
  0.251380422  0.333333333  0.000000000   2.0
  0.695824867  0.777777778  0.000000000   2.0
  0.362491533  0.444444445  0.000000000   2.0
  0.251380422  0.388888889  0.000000000   2.0
  0.640269311  0.777777778  0.000000000   2.0
  0.418047089  0.388888889  0.000000000   2.0
  0.251380422  0.444444444  0.000000000   2.0
  0.584713756  0.777777778  0.000000000   2.0
  0.473602644  0.333333334  0.000000000   2.0
  0.251380422  0.500000000  0.000000000   2.0
  0.529158200  0.777777778  0.000000000   2.0
  0.529158200  0.277777778  0.000000000   2.0
  0.306935978  0.277777778  0.000000000   2.0
  0.751380422  0.722222222  0.000000000   2.0
  0.306935978  0.444444444  0.000000000   2.0
  0.306935978  0.333333333  0.000000000   2.0
  0.695824867  0.722222222  0.000000000   2.0
  0.362491533  0.388888889  0.000000000   2.0
  0.306935978  0.388888889  0.000000000   2.0
  0.640269311  0.722222222  0.000000000   2.0
  0.418047089  0.333333333  0.000000000   2.0
  0.362491533  0.333333333  0.000000000   2.0
